0.02 694.1
0.04 1335.37
0.06 1910.8
0.08 2430.01
0.1 2890.23
0.12 3296.45
0.14 3647.67
0.16 3944.69
0.18 4190.97
0.2 4388.04
0.22 4530.53
0.24 4622.8
0.26 4673.06
0.28 4675.75
0.3 4634.56
0.32 4554.39
0.34 4441.62
0.36 4288.13
0.38 4100.31
0.4 3882.35
0.42 3634.16
0.44 3362.46
0.46 3065.02
0.48 2758.48
0.5 2444.54
0.52 2126.96
0.54 1813.62
0.56 1508.52
0.58 1225.58
0.6 977.12
0.62 776.64
0.64 610.6
0.66 475.75
0.68 367.57
0.7 280.83
0.72 210.94
0.74 156.58
0.76 113.22
0.78 80.11
0.8 54.3
0.82 35.82
0.84 22.42
0.86 13.8
0.88 8.14
0.9 4.63
0.92 2.57
0.94 1.57
0.96 1.12
0.98 1.03
1 1
