0.02 730.8
0.04 1406.41
0.06 2012.76
0.08 2560
0.1 3045.21
0.12 3473.31
0.14 3843.18
0.16 4156.17
0.18 4415.48
0.2 4623.84
0.22 4773.6
0.24 4870.55
0.26 4923.57
0.28 4926.49
0.3 4883.16
0.32 4798.79
0.34 4679.45
0.36 4517.11
0.38 4319.99
0.4 4090.59
0.42 3828.73
0.44 3542.47
0.46 3229.41
0.48 2905.97
0.5 2574.49
0.52 2239.82
0.54 1909.11
0.56 1587.45
0.58 1289.13
0.6 1027.4
0.62 815.69
0.64 641.9
0.66 500.82
0.68 386.63
0.7 295.41
0.72 222.06
0.74 164.6
0.76 119.1
0.78 84.06
0.8 56.81
0.82 37.52
0.84 23.58
0.86 14.59
0.88 8.65
0.9 4.94
0.92 2.71
0.94 1.69
0.96 1.19
0.98 1.04
1 1
