0.02 588.95
0.04 1132.69
0.06 1620.44
0.08 2061.29
0.1 2453.22
0.12 2797.18
0.14 3093.9
0.16 3346.98
0.18 3555.08
0.2 3722.21
0.22 3842.71
0.24 3920.09
0.26 3962.49
0.28 3965.28
0.3 3929.71
0.32 3861.27
0.34 3766.69
0.36 3635.37
0.38 3477.74
0.4 3294.56
0.42 3085.17
0.44 2855.69
0.46 2602.95
0.48 2342.98
0.5 2077.92
0.52 1808.1
0.54 1543.29
0.56 1284.57
0.58 1044.08
0.6 833.77
0.62 662.42
0.64 521.15
0.66 405.95
0.68 313.62
0.7 239.52
0.72 180.18
0.74 133.66
0.76 96.53
0.78 67.9
0.8 46.28
0.82 30.71
0.84 19.2
0.86 11.73
0.88 7.08
0.9 4
0.92 2.2
0.94 1.41
0.96 1.05
0.98 1.03
1 1
