0.02 769.32
0.04 1479.85
0.06 2118.19
0.08 2694.79
0.1 3204.68
0.12 3655.21
0.14 4043.26
0.16 4372.22
0.18 4645.37
0.2 4864.74
0.22 5022.88
0.24 5125.13
0.26 5179.54
0.28 5182.68
0.3 5136.73
0.32 5047.39
0.34 4921.52
0.36 4750.76
0.38 4542.85
0.4 4301.04
0.42 4025.53
0.44 3724.77
0.46 3395.72
0.48 3055.29
0.5 2706.36
0.52 2353.37
0.54 2005.32
0.56 1666.26
0.58 1354.11
0.6 1079.34
0.62 856.81
0.64 673.92
0.66 524.61
0.68 405.24
0.7 309.35
0.72 232.98
0.74 172.92
0.76 124.46
0.78 87.92
0.8 59.3
0.82 39.2
0.84 24.63
0.86 15.18
0.88 9.1
0.9 5.06
0.92 2.74
0.94 1.64
0.96 1.14
0.98 1.03
1 1
