0.02 658.28
0.04 1266.22
0.06 1811.26
0.08 2304.17
0.1 2741.22
0.12 3125.97
0.14 3458.49
0.16 3740.25
0.18 3973.32
0.2 4159.62
0.22 4294.17
0.24 4381.36
0.26 4428.55
0.28 4431.58
0.3 4392.44
0.32 4316.1
0.34 4209.13
0.36 4063.63
0.38 3885.64
0.4 3679.16
0.42 3443.88
0.44 3186.72
0.46 2904.47
0.48 2614.2
0.5 2317.17
0.52 2015.71
0.54 1719.25
0.56 1430.27
0.58 1162.69
0.6 927.42
0.62 736.91
0.64 579.63
0.66 452.03
0.68 349.36
0.7 266.56
0.72 200.4
0.74 148.65
0.76 107.34
0.78 75.64
0.8 51.29
0.82 34.17
0.84 21.68
0.86 13.31
0.88 7.95
0.9 4.48
0.92 2.41
0.94 1.53
0.96 1.11
0.98 1.04
1 1
