0.02 623.02
0.04 1198.94
0.06 1714.71
0.08 2181.06
0.1 2595.08
0.12 2959.09
0.14 3273.6
0.16 3540.54
0.18 3761.07
0.2 3937.91
0.22 4064.8
0.24 4147.35
0.26 4191.87
0.28 4195.1
0.3 4157.89
0.32 4086.3
0.34 3985.02
0.36 3846.82
0.38 3678.25
0.4 3483.79
0.42 3261.64
0.44 3018.26
0.46 2751.35
0.48 2477.25
0.5 2195.56
0.52 1910.69
0.54 1630.03
0.56 1356.25
0.58 1102.29
0.6 879.5
0.62 698.76
0.64 549.63
0.66 428.62
0.68 331.4
0.7 252.93
0.72 189.92
0.74 140.53
0.76 101.62
0.78 71.46
0.8 48.46
0.82 32.19
0.84 20.26
0.86 12.47
0.88 7.42
0.9 4.18
0.92 2.26
0.94 1.46
0.96 1.11
0.98 1.03
1 1
