0.002 0
0.004 0
0.006 0
0.008 0
0.01 0
0.012 0
0.014 0
0.016 0
0.018 0
0.02 0
0.022 0
0.024 0
0.026 0
0.028 0
0.03 0
0.032 0
0.034 0
0.036 0
0.038 0
0.04 0
0.042 0
0.044 0
0.046 0
0.048 0
0.05 0
0.052 0
0.054 0
0.056 0
0.058 0
0.06 0
0.062 0
0.064 0
0.066 0
0.068 0
0.07 0
0.072 0
0.074 0
0.076 0
0.078 0
0.08 0
0.082 0
0.084 0
0.086 0
0.088 0
0.09 0
0.092 0
0.094 0
0.096 0
0.098 0
0.1 0
0.102 0
0.104 0
0.106 0
0.108 0
0.11 0
0.112 0
0.114 0
0.116 0
0.118 0
0.12 0
0.122 0
0.124 0
0.126 0
0.128 0
0.13 0
0.132 0
0.134 0
0.136 0
0.138 0
0.14 0
0.142 0
0.144 0
0.146 0
0.148 0
0.15 0
0.152 0
0.154 0
0.156 0
0.158 0
0.16 0
0.162 0
0.164 0
0.166 0
0.168 0
0.17 0
0.172 0
0.174 0
0.176 0
0.178 0
0.18 0
0.182 0
0.184 0
0.186 0
0.188 0
0.19 0
0.192 0
0.194 0
0.196 0
0.198 0
0.2 0
0.202 0
0.204 0
0.206 0
0.208 0
0.21 0
0.212 0
0.214 0
0.216 0
0.218 0
0.22 0
0.222 0
0.224 0
0.226 0
0.228 0
0.23 0
0.232 0
0.234 0
0.236 0
0.238 0
0.24 0
0.242 0
0.244 0
0.246 0
0.248 0
0.25 0
0.252 0
0.254 0
0.256 0
0.258 0
0.26 0
0.262 0
0.264 0
0.266 0
0.268 0
0.27 0
0.272 0
0.274 0
0.276 0
0.278 0
0.28 0
0.282 0
0.284 0
0.286 0
0.288 0
0.29 0
0.292 0
0.294 0
0.296 0
0.298 0
0.3 0
0.302 0
0.304 0
0.306 0
0.308 0
0.31 0
0.312 0
0.314 0
0.316 0
0.318 0
0.32 0
0.322 0
0.324 0
0.326 0
0.328 0
0.33 0
0.332 0
0.334 0
0.336 0
0.338 0
0.34 0
0.342 0
0.344 0
0.346 0
0.348 0
0.35 0
0.352 0
0.354 0
0.356 0
0.358 0
0.36 0
0.362 0
0.364 0
0.366 0
0.368 0
0.37 0
0.372 0
0.374 0
0.376 0
0.378 0
0.38 0
0.382 0
0.384 0
0.386 0
0.388 0
0.39 0
0.392 0
0.394 0
0.396 0
0.398 0
0.4 0
0.402 0
0.404 0
0.406 0
0.408 0
0.41 0
0.412 0
0.414 0
0.416 0
0.418 0
0.42 0
0.422 0
0.424 0
0.426 0
0.428 0
0.43 0
0.432 0
0.434 0
0.436 0
0.438 0
0.44 0
0.442 0
0.444 0
0.446 0
0.448 0
0.45 0
0.452 0
0.454 0
0.456 0
0.458 0
0.46 0
0.462 0
0.464 0
0.466 0
0.468 0
0.47 0
0.472 0
0.474 0
0.476 0
0.478 0
0.48 0
0.482 0
0.484 0
0.486 0
0.488 0
0.49 0
0.492 0
0.494 0
0.496 0
0.498 0
0.5 0
0.502 0
0.504 0
0.506 0
0.508 0
0.51 0
0.512 0
0.514 0
0.516 0
0.518 0
0.52 0
0.522 0
0.524 0
0.526 0
0.528 0
0.53 0
0.532 0
0.534 0
0.536 0
0.538 0
0.54 0
0.542 0
0.544 0
0.546 0
0.548 0.002
0.55 0.002
0.552 0.003
0.554 0.006
0.556 0.007
0.558 0.009
0.56 0.01
0.562 0.013
0.564 0.015
0.566 0.02
0.568 0.028
0.57 0.037
0.572 0.046
0.574 0.055
0.576 0.07
0.578 0.086
0.58 0.105
0.582 0.123
0.584 0.15
0.586 0.184
0.588 0.215
0.59 0.248
0.592 0.28
0.594 0.323
0.596 0.35
0.598 0.395
0.6 0.435
0.602 0.474
0.604 0.519
0.606 0.567
0.608 0.601
0.61 0.637
0.612 0.681
0.614 0.712
0.616 0.735
0.618 0.757
0.62 0.782
0.622 0.803
0.624 0.821
0.626 0.837
0.628 0.848
0.63 0.86
0.632 0.871
0.634 0.882
0.636 0.895
0.638 0.898
0.64 0.9
0.642 0.905
0.644 0.908
0.646 0.919
0.648 0.923
0.65 0.929
0.652 0.933
0.654 0.935
0.656 0.937
0.658 0.943
0.66 0.946
0.662 0.949
0.664 0.952
0.666 0.953
0.668 0.955
0.67 0.957
0.672 0.958
0.674 0.959
0.676 0.961
0.678 0.963
0.68 0.964
0.682 0.965
0.684 0.965
0.686 0.966
0.688 0.966
0.69 0.967
0.692 0.967
0.694 0.968
0.696 0.969
0.698 0.972
0.7 0.972
0.702 0.972
0.704 0.974
0.706 0.974
0.708 0.974
0.71 0.974
0.712 0.976
0.714 0.978
0.716 0.979
0.718 0.98
0.72 0.981
0.722 0.982
0.724 0.982
0.726 0.982
0.728 0.983
0.73 0.983
0.732 0.983
0.734 0.984
0.736 0.984
0.738 0.985
0.74 0.986
0.742 0.986
0.744 0.987
0.746 0.987
0.748 0.99
0.75 0.991
0.752 0.991
0.754 0.992
0.756 0.994
0.758 0.995
0.76 0.995
0.762 0.995
0.764 0.995
0.766 0.995
0.768 0.996
0.77 0.996
0.772 0.996
0.774 0.996
0.776 0.996
0.778 0.996
0.78 0.996
0.782 0.996
0.784 0.996
0.786 0.996
0.788 0.996
0.79 0.997
0.792 0.997
0.794 0.997
0.796 0.997
0.798 0.997
0.8 0.997
0.802 0.997
0.804 0.997
0.806 0.997
0.808 0.997
0.81 0.997
0.812 0.997
0.814 0.997
0.816 0.997
0.818 0.997
0.82 0.997
0.822 0.997
0.824 0.997
0.826 0.997
0.828 0.997
0.83 0.997
0.832 0.997
0.834 0.997
0.836 0.997
0.838 0.997
0.84 0.997
0.842 0.997
0.844 0.997
0.846 0.997
0.848 0.997
0.85 0.997
0.852 0.997
0.854 0.997
0.856 0.997
0.858 0.997
0.86 0.997
0.862 0.998
0.864 0.998
0.866 0.998
0.868 0.998
0.87 0.998
0.872 0.999
0.874 0.999
0.876 0.999
0.878 0.999
0.88 0.999
0.882 0.999
0.884 0.999
0.886 0.999
0.888 0.999
0.89 0.999
0.892 0.999
0.894 0.999
0.896 0.999
0.898 0.999
0.9 1
0.902 1
0.904 1
0.906 1
0.908 1
0.91 1
0.912 1
0.914 1
0.916 1
0.918 1
0.92 1
0.922 1
0.924 1
0.926 1
0.928 1
0.93 1
0.932 1
0.934 1
0.936 1
0.938 1
0.94 1
0.942 1
0.944 1
0.946 1
0.948 1
0.95 1
0.952 1
0.954 1
0.956 1
0.958 1
0.96 1
0.962 1
0.964 1
0.966 1
0.968 1
0.97 1
0.972 1
0.974 1
0.976 1
0.978 1
0.98 1
0.982 1
0.984 1
0.986 1
0.988 1
0.99 1
0.992 1
0.994 1
0.996 1
0.998 1
1 1
