0.58 0.42
0.58032 0.42
0.58064 0.41
0.58096 0.42
0.58128 0.42
0.5816 0.41
0.58192 0.4
0.58224 0.39
0.58256 0.41
0.58288 0.42
0.5832 0.41
0.58352 0.41
0.58384 0.41
0.58416 0.42
0.58448 0.43
0.5848 0.43
0.58512 0.43
0.58544 0.42
0.58576 0.43
0.58608 0.43
0.5864 0.44
0.58672 0.43
0.58704 0.42
0.58736 0.42
0.58768 0.42
0.588 0.41
0.58832 0.41
0.58864 0.42
0.58896 0.42
0.58928 0.41
0.5896 0.42
0.58992 0.42
0.59024 0.42
0.59056 0.41
0.59088 0.41
0.5912 0.42
0.59152 0.42
0.59184 0.43
0.59216 0.44
0.59248 0.45
0.5928 0.45
0.59312 0.45
0.59344 0.46
0.59376 0.45
0.59408 0.47
0.5944 0.48
0.59472 0.5
0.59504 0.49
0.59536 0.5
0.59568 0.5
0.596 0.49
