0.58 0.54
0.58032 0.54
0.58064 0.53
0.58096 0.53
0.58128 0.53
0.5816 0.54
0.58192 0.53
0.58224 0.53
0.58256 0.52
0.58288 0.51
0.5832 0.51
0.58352 0.51
0.58384 0.51
0.58416 0.5
0.58448 0.51
0.5848 0.52
0.58512 0.53
0.58544 0.52
0.58576 0.53
0.58608 0.54
0.5864 0.55
0.58672 0.55
0.58704 0.55
0.58736 0.56
0.58768 0.56
0.588 0.55
0.58832 0.54
0.58864 0.53
0.58896 0.53
0.58928 0.53
0.5896 0.52
0.58992 0.52
0.59024 0.51
0.59056 0.52
0.59088 0.52
0.5912 0.51
0.59152 0.5
0.59184 0.51
0.59216 0.52
0.59248 0.52
0.5928 0.52
0.59312 0.53
0.59344 0.55
0.59376 0.54
0.59408 0.55
0.5944 0.56
0.59472 0.57
0.59504 0.58
0.59536 0.58
0.59568 0.58
0.596 0.58
