0.58 0.3
0.58032 0.3
0.58064 0.29
0.58096 0.31
0.58128 0.31
0.5816 0.31
0.58192 0.32
0.58224 0.33
0.58256 0.34
0.58288 0.37
0.5832 0.38
0.58352 0.39
0.58384 0.4
0.58416 0.39
0.58448 0.38
0.5848 0.37
0.58512 0.38
0.58544 0.37
0.58576 0.37
0.58608 0.37
0.5864 0.37
0.58672 0.37
0.58704 0.38
0.58736 0.38
0.58768 0.38
0.588 0.39
0.58832 0.4
0.58864 0.4
0.58896 0.42
0.58928 0.43
0.5896 0.44
0.58992 0.45
0.59024 0.46
0.59056 0.46
0.59088 0.48
0.5912 0.48
0.59152 0.47
0.59184 0.47
0.59216 0.47
0.59248 0.47
0.5928 0.48
0.59312 0.48
0.59344 0.49
0.59376 0.48
0.59408 0.48
0.5944 0.49
0.59472 0.49
0.59504 0.51
0.59536 0.5
0.59568 0.52
0.596 0.52
