0.02 1.074
0.04 1.187
0.06 1.289
0.08 1.401
0.1 1.581
0.12 1.67
0.14 1.851
0.16 2.116
0.18 2.369
0.2 2.613
0.22 2.86
0.24 3.186
0.26 3.665
0.28 4.168
0.3 4.889
0.32 5.725
0.34 6.74
0.36 8.236
0.38 9.633
0.4 11.771
0.42 14.357
0.44 18.761
0.46 25.486
0.48 35.652
0.5 56.546
0.52 92.814
0.54 187.077
0.56 460.793
0.58 1847.18
0.6 8846.08
0.62 17695.8
0.64 21528.1
0.66 23793.9
0.68 25614.5
0.7 26911.8
0.72 28079.8
0.74 29020.2
0.76 30075.4
0.78 30989.9
0.8 31891.7
0.82 32720
0.84 33537.6
0.86 34382.7
0.88 35190.6
0.9 35994.1
0.92 36797
0.94 37598.9
0.96 38399.8
0.98 39200.4
1 40000
