0.404 0
0.408 0
0.412 0
0.416 0
0.42 0
0.424 0
0.428 0
0.432 0
0.436 0
0.44 0
0.444 0.02
0.448 0.02
0.452 0.02
0.456 0.02
0.46 0.03
0.464 0.03
0.468 0.03
0.472 0.04
0.476 0.05
0.48 0.05
0.484 0.05
0.488 0.05
0.492 0.06
0.496 0.06
0.5 0.06
0.504 0.06
0.508 0.07
0.512 0.07
0.516 0.08
0.52 0.08
0.524 0.09
0.528 0.11
0.532 0.12
0.536 0.13
0.54 0.15
0.544 0.18
0.548 0.22
0.552 0.23
0.556 0.24
0.56 0.26
0.564 0.3
0.568 0.33
0.572 0.35
0.576 0.4
0.58 0.41
0.584 0.42
0.588 0.43
0.592 0.46
0.596 0.5
0.6 0.5
