0.404 0.06
0.408 0.06
0.412 0.06
0.416 0.06
0.42 0.06
0.424 0.06
0.428 0.06
0.432 0.06
0.436 0.06
0.44 0.05
0.444 0.07
0.448 0.07
0.452 0.07
0.456 0.07
0.46 0.07
0.464 0.07
0.468 0.09
0.472 0.1
0.476 0.1
0.48 0.11
0.484 0.11
0.488 0.11
0.492 0.12
0.496 0.12
0.5 0.12
0.504 0.13
0.508 0.13
0.512 0.15
0.516 0.17
0.52 0.18
0.524 0.21
0.528 0.22
0.532 0.23
0.536 0.26
0.54 0.32
0.544 0.36
0.548 0.4
0.552 0.41
0.556 0.46
0.56 0.46
0.564 0.47
0.568 0.49
0.572 0.48
0.576 0.49
0.58 0.49
0.584 0.5
0.588 0.51
0.592 0.53
0.596 0.53
0.6 0.54
