0.404 0.13
0.408 0.16
0.412 0.17
0.416 0.17
0.42 0.18
0.424 0.18
0.428 0.18
0.432 0.18
0.436 0.17
0.44 0.17
0.444 0.19
0.448 0.19
0.452 0.2
0.456 0.21
0.46 0.22
0.464 0.22
0.468 0.24
0.472 0.25
0.476 0.27
0.48 0.28
0.484 0.28
0.488 0.28
0.492 0.3
0.496 0.31
0.5 0.31
0.504 0.3
0.508 0.32
0.512 0.32
0.516 0.34
0.52 0.34
0.524 0.36
0.528 0.36
0.532 0.37
0.536 0.4
0.54 0.39
0.544 0.41
0.548 0.42
0.552 0.42
0.556 0.43
0.56 0.43
0.564 0.43
0.568 0.44
0.572 0.46
0.576 0.46
0.58 0.48
0.584 0.5
0.588 0.54
0.592 0.54
0.596 0.58
0.6 0.59
